

  0   4   1  64   2  34   3  41   4  49   5  42   6  60   7  75   8   1   9   9  10  72  11  76  12  71  13  75  14  35  15   6  16   1  17  79  18  65  19  36 
  0  73   1  25   2  47   3  14   4  20   5  28   6  91   7  13   8  23   9  78  10  35  11  11  12  39  13  84  14  53  15  18  16   3  17  75  18  92  19  35 
  0  70   1  98   2  79   3  76   4  68   5  81   6  24   7  73   8  85   9  32  10  14  11  41  12  24  13  41  14   4  15  19  16  29  17  36  18  92  19  21 
  0  90   1   3   2  36   3  87   4  35   5  45   6  98   7  21   8  35   9  22  10  80  11  19  12  46  13  51  14  78  15  10  16  17  17   3  18  48  19  97 
  0  91   1  91   2  77   3  46   4  96   5  53   6  32   7  25   8  79   9   3  10  83  11  26  12  77  13  87  14  22  15  33  16  95  17  90  18   5  19  16 
  0  21   1  51   2  31   3  44   4  81   5  21   6  29   7  59   8  56   9   7  10  92  11  70  12  25  13  96  14   4  15  94  16  86  17  81  18  11  19  31 
  0  57   1  82   2  39   3  75   4  56   5  33   6  40   7  93   8  33   9  57  10   7  11  10  12  39  13  25  14  90  15  30  16  59  17  30  18   6  19  12 
  0  41   1  53   2  89   3  11   4  88   5  51   6  80   7  16   8  47   9  60  10  14  11  94  12  62  13  92  14  54  15  97  16  45  17  35  18   9  19  73 
  0   8   1  85   2  49   3  28   4  96   5  37   6   6   7  32   8  66   9  69  10   6  11  34  12  69  13  96  14  31  15  28  16  61  17  56  18  18  19  59 
  0  20   1  45   2  13   3  50   4  53   5  33   6  84   7  76   8  12   9  47  10  36  11  68  12  11  13   9  14  67  15  93  16  12  17  67  18  75  19  18 
  0  89   1  38   2  97   3  31   4  11   5  75   6  58   7  91   8  38   9  87  10  35  11  35  12  29  13  48  14  91  15  10  16  93  17  13  18  25  19   2 
  0  50   1  20   2  68   3  83   4  83   5  42   6  57   7  14   8  33   9  50  10  86  11  17  12  82  13  30  14  20  15  15  16  53  17  98  18   8  19  52 
  0  79   1  69   2  32   3  80   4  19   5  41   6  77   7  27   8  45   9  36  10  17  11  10  12  35  13  21  14  74  15  68  16  18  17  92  18  62  19  39 
  0  44   1  19   2  95   3  63   4  32   5  64   6  60   7  30   8  12   9  59  10  69  11  21  12  56  13  53  14  14  15  11  16  72  17   6  18  66  19  53 
  0  27   1  95   2  49   3  86   4  94   5  53   6  99   7  50   8  35   9  82  10  20  11  10  12  89  13  72  14  91  15  78  16  13  17  41  18  37  19  68 
  0  49   1  24   2  28   3   3   4  68   5  89   6  94   7  59   8  95   9  82  10  85  11  33  12  69  13  34  14  27  15  43  16  66  17  16  18   7  19   6 
  0   9   1  52   2   2   3  10   4  72   5  17   6  86   7   4   8  78   9  35  10  32  11  45  12  27  13  82  14  58  15  90  16  52  17  70  18  12  19  18 
  0  82   1  42   2   2   3  14   4   6   5  72   6  94   7   4   8  55   9   2  10  11  11  55  12  11  13  79  14  66  15  77  16  51  17  46  18  39  19  57 
  0  32   1  22   2  26   3  68   4  22   5  67   6  38   7  27   8  18   9  50  10  96  11  54  12  83  13   1  14  37  15  69  16  17  17  84  18  24  19  88 
  0  66   1  15   2  32   3  15   4  57   5  48   6  67   7  64   8  19   9   3  10  95  11  55  12  56  13  47  14  37  15  73  16  93  17  76  18  20  19  35 


