LB        BEST-KNOWN
1957      2213      
1854      2155      
2016      2307      
1825      2142      
1875      2207      
1878      2194      
1766      2244      
1711      2096      
1939      2258      
1927      2111      
1984      2299      
1922      2188      
2046      2300      
1908      2185      
1905      2272      
1886      2101      
2040      2281      
2001      2290      
1924      2151      
1938      2228      
1952      2234      
1901      2180      
2031      2259      
2017      2264      
1917      2232      
1865      2196      
1955      2366      
1975      2248      
1845      2119      
1877      2153      
1846      2291      
1914      2289      
1859      2205      
1968      2176      
1826      2142      
2082      2339      
1915      2213      
1950      2273      
1901      2151      
1899      2200      
1721      2118      
1952      2337      
1864      2151      
1751      2072      
1906      2278      
1846      2206      
1911      2233      
1857      2188      
1944      2330      
1918      2308      
1882      2206      
1745      2078      
1898      2193      
1939      2119      
1850      2136      
1881      2211      
1871      2125      
1868      2198      
1826      2128      
1952      2171      
1967      2255      
1948      2239      
1853      2150      
1958      2217      
1768      2101      
1932      2197      
1894      2354      
1862      2202      
1835      2219      
1990      2323      
1855      2094      
1861      2188      
1894      2246      
1899      2324      
1970      2227      
1953      2270      
1756      2121      
1878      2146      
1930      2279      
1677      2051      
1997      2239      
2092      2332      
1770      2179      
1854      2231      
2125      2220      
1907      2171      
1915      2224      
1971      2216      
1809      2182      
2087      2316      
1921      2212      
1961      2256      
1897      2206      
1993      2221      
1994      2217      
1974      2197      
1922      2084      
1937      2207      
1871      2147      
2050      2218      
