

  0   6   1  93   2  74   3  50   4  70   5  58   6  86   7  50   8  71   9   1  10  34  11  67  12  89  13  14  14   7  15  36  16  46  17  78  18  80  19  96 
  0  48   1  14   2  34   3  33   4  16   5  73   6  59   7  74   8  43   9  24  10  55  11  81  12  67  13  44  14   3  15  13  16  54  17  11  18  81  19  37 
  0  91   1  67   2  93   3   2   4  12   5  25   6  74   7  91   8  29   9  71  10  29  11  14  12  61  13  69  14  97  15   9  16  82  17  50  18  33  19  23 
  0  76   1  26   2  21   3  77   4  43   5  15   6  97   7  35   8  32   9  93  10  37  11  69  12  69  13  81  14  66  15  68  16  31  17  48  18  98  19  80 
  0  35   1  69   2  64   3  47   4  60   5  70   6  37   7  98   8  36   9  73  10  14  11  19  12  36  13  30  14  22  15  67  16  80  17  91  18  10  19  64 
  0  54   1  26   2  42   3  40   4  64   5  33   6   6   7   2   8  61   9  15  10  68  11  78  12  16  13  58  14  60  15  80  16  58  17  61  18   4  19  47 
  0  13   1  62   2  58   3  27   4  65   5  11   6  18   7  52   8  66   9   5  10  78  11  95  12  24  13  63  14  98  15  64  16  24  17  33  18  78  19  33 
  0  33   1  91   2  56   3  77   4  60   5  73   6  91   7  97   8  79   9  51  10  82  11  88  12   5  13  29  14  82  15  26  16  18  17   5  18  53  19  55 
  0  94   1  34   2  47   3  43   4  54   5  30   6  91   7  77   8  83   9  80  10  76  11  11  12  61  13  41  14  24  15  49  16  12  17  16  18  96  19  57 
  0  82   1  35   2   2   3  34   4  94   5  95   6  94   7  48   8  77   9  39  10  44  11  37  12  56  13  48  14  91  15  73  16  29  17  50  18  23  19  83 
  0  93   1  55   2  44   3  30   4  59   5  20   6  50   7  39   8  55   9  28  10   6  11  66  12  48  13  31  14  70  15  95  16  33  17  77  18  87  19  57 
  0  82   1  99   2  69   3  84   4  77   5  43   6  10   7  51   8  39   9   6  10   2  11  43  12  46  13  96  14  94  15   9  16  30  17  22  18  28  19  36 
  0  30   1  28   2  40   3  56   4  45   5  52   6  21   7  70   8  88   9  10  10  10  11  84  12  32  13  18  14  19  15  64  16  25  17  18  18  67  19  65 
  0  80   1  36   2  45   3  43   4  54   5  70   6  92   7  17   8  96   9  11  10  85  11  74  12  72  13  74  14  94  15  64  16  13  17  39  18  47  19  43 
  0  81   1  35   2  70   3  65   4  19   5  40   6  46   7  62   8   4   9  67  10  28  11  21  12  75  13  38  14  67  15  62  16  42  17  24  18  22  19  56 
  0  23   1  31   2  54   3  21   4  95   5  43   6  94   7   2   8  67   9  66  10   1  11  86  12  56  13  87  14  16  15  73  16  81  17  29  18  27  19  14 
  0  20   1  95   2  46   3   9   4  89   5  45   6  74   7  28   8  24   9  99  10  89  11  41  12  71  13   4  14  64  15  96  16  55  17  22  18  61  19  19 
  0  60   1  90   2  52   3   8   4  36   5  46   6  25   7  87   8  71   9  11  10  14  11  75  12  28  13  54  14  84  15  20  16  75  17  34  18  68  19  34 
  0  17   1  40   2  74   3  19   4  90   5  67   6  70   7   5   8  48   9  12  10  22  11   1  12  40  13   8  14  44  15   6  16  51  17  25  18  29  19   2 
  0  38   1  27   2  81   3  59   4  58   5  72   6   3   7  61   8  51   9  23  10  94  11  89  12  46  13   4  14  93  15  15  16  73  17  47  18  79  19  74 
  0  76   1  85   2  96   3  37   4  31   5  19   6  92   7  22   8  33   9  93  10  24  11  85  12   9  13   9  14  65  15  23  16  40  17  71  18  81  19  98 
  0  41   1  27   2  52   3   5   4  58   5  94   6  92   7  61   8  19   9  50  10  70  11  19  12  10  13  27  14  80  15   1  16  39  17  76  18  82  19  16 
  0  95   1  83   2  77   3  39   4  45   5  10   6  30   7  90   8  58   9  98  10   1  11  53  12  76  13  96  14  28  15  30  16  87  17  87  18  52  19  65 
  0  38   1  75   2  15   3  70   4  32   5  42   6   7   7  80   8  69   9  84  10   6  11  39  12  25  13  93  14  99  15  24  16  42  17  63  18   7  19  22 
  0  56   1  71   2  91   3  27   4  52   5  65   6  97   7  80   8  97   9  72  10  76  11   2  12  13  13  71  14  86  15  94  16  95  17  26  18  54  19  54 
  0  21   1  52   2  70   3  40   4  60   5  53   6  10   7  22   8   6   9  33  10  62  11  43  12  54  13  64  14   8  15  68  16  66  17  58  18  52  19  75 
  0  31   1  43   2   2   3  45   4  64   5  40   6   1   7  18   8  17   9  68  10  88  11  45  12  38  13  29  14  74  15  23  16  66  17  91  18  26  19   1 
  0   8   1  32   2  80   3  10   4  81   5  62   6  55   7  26   8  50   9  19  10  79  11  10  12   5  13  18  14  38  15  93  16  67  17  10  18  59  19  68 
  0  73   1  78   2  41   3  45   4  37   5  96   6   4   7  91   8  14   9  17  10  71  11  78  12  36  13  69  14  98  15  59  16  87  17  17  18  60  19   5 
  0   5   1  19   2   8   3  76   4  94   5  57   6  36   7  92   8  28   9  19  10  44  11  29  12  12  13  45  14  17  15  57  16  34  17  20  18  58  19   7 
  0  88   1  14   2  23   3   6   4  97   5  20   6  22   7  90   8  75   9  60  10  69  11   7  12  91  13  22  14  53  15  97  16  14  17  87  18  16  19  99 
  0  79   1  49   2   6   3  80   4  41   5  21   6  62   7  92   8  69   9  65  10  75  11  63  12  82  13  46  14  47  15  81  16  17  17  18  18  51  19  31 
  0  83   1  28   2  50   3  81   4  90   5  22   6  95   7  54   8  50   9  91  10  61  11  69  12   2  13  85  14  48  15  58  16  71  17  86  18  30  19  18 
  0  66   1  18   2  93   3  27   4  65   5  24   6  88   7  39   8  90   9  40  10  91  11  64  12  14  13  28  14  90  15  69  16   8  17  74  18  88  19  44 
  0  61   1  74   2   8   3  61   4  85   5  26   6  58   7  33   8  14   9  62  10  89  11   4  12  73  13   3  14  91  15  93  16  55  17  88  18  88  19  99 
  0  78   1  22   2  18   3  31   4  14   5   4   6  14   7  58   8  82   9  36  10  92  11  24  12  78  13   9  14  16  15  51  16  20  17  62  18  56  19  89 
  0  67   1  53   2  30   3   9   4  31   5  38   6  38   7  72   8  50   9  98  10  75  11  20  12  68  13  42  14  27  15  23  16  29  17  79  18  67  19  89 
  0  40   1  28   2  56   3   6   4  88   5  49   6  13   7  94   8  31   9   7  10  33  11  24  12  38  13  90  14  71  15   2  16  43  17  28  18  83  19  79 
  0  68   1  78   2  44   3  96   4  84   5  51   6  21   7  11   8  42   9  73  10  61  11  67  12  93  13  23  14  99  15  98  16  40  17   5  18  72  19  75 
  0  58   1  61   2   3   3  14   4  50   5  27   6  49   7  37   8  11   9  74  10  57  11  60  12  77  13  16  14   7  15  76  16  41  17  96  18  35  19  90 
  0  88   1  47   2  19   3  23   4  40   5  73   6  29   7  93   8  52   9  68  10  64  11  23  12  70  13  52  14  28  15  32  16  40  17  14  18  54  19  73 
  0  43   1  61   2  91   3  49   4  98   5   5   6  95   7  29   8  95   9  92  10  31  11  60  12  36  13  96  14   6  15   7  16  81  17   6  18  80  19  11 
  0  19   1  40   2  13   3  22   4  46   5  45   6  74   7  79   8  27   9  17  10  41  11  67  12  42  13  42  14  55  15  74  16  98  17  93  18  74  19   3 
  0  67   1  26   2  18   3  87   4  95   5  76   6  40   7  35   8   7   9  31  10  56  11  72  12  60  13  56  14  91  15   9  16  10  17  79  18  98  19  53 
  0   9   1  57   2  84   3  56   4  81   5  17   6  18   7  52   8  23   9  98  10  35  11  21  12  82  13  94  14  34  15  64  16  89  17   4  18  43  19  34 
  0  76   1  92   2  70   3  51   4  36   5  83   6  37   7  34   8  62   9  47  10  48  11  57  12  50  13  28  14  45  15  41  16  64  17  81  18  65  19  58 
  0  36   1   7   2  10   3  33   4  46   5  90   6  61   7  91   8  47   9  86  10  46  11  94  12  53  13  96  14  85  15  35  16  95  17  71  18  90  19  63 
  0  56   1  55   2  63   3  39   4  48   5  35   6  90   7  54   8   6   9  32  10  30  11  11  12  30  13  60  14  60  15  45  16  77  17  20  18  47  19  96 
  0  99   1  33   2  95   3  24   4  16   5  66   6  56   7  50   8   1   9  82  10  61  11  26  12  50  13   5  14  47  15  15  16  70  17  27  18  99  19  97 
  0  50   1  13   2  72   3  86   4  75   5  96   6  42   7  85   8  84   9  18  10  85  11  21  12  30  13  28  14  67  15  83  16  73  17  50  18  87  19  93 


