LB        BEST-KNOWN
3641      3860      
3267      3599      
3480      3731      
3614      3821      
3515      3830      
3705      3904      
3341      3713      
3434      3702      
3529      3795      
3565      3923      
3470      3767      
3171      3573      
3611      3865      
3506      3741      
3600      3818      
3573      3925      
3173      3644      
3643      3822      
3255      3754      
3533      3768      
3393      3732      
3613      3881      
3503      3768      
3296      3722      
3385      3813      
3404      3770      
3375      3793      
3746      3855      
3643      3918      
3530      3906      
3502      3779      
3314      3699      
3361      3727      
3377      3690      
3270      3675      
3442      3755      
3572      3859      
3376      3752      
3562      3837      
3522      3814      
3642      3832      
3373      3730      
3699      3913      
3525      3737      
3409      3696      
3442      3755      
3587      3810      
3589      3802      
3382      3859      
3593      3862      
3707      3879      
3470      3764      
3563      3865      
3368      3696      
3390      3757      
3504      3920      
3383      3683      
3287      3654      
3425      3704      
3299      3801      
3462      3776      
3406      3817      
3317      3767      
3749      3916      
3384      3743      
3337      3748      
3608      3851      
3449      3734      
3590      3822      
3637      3837      
3339      3674      
3614      3743      
3374      3713      
3509      3894      
3530      3878      
3479      3761      
3479      3869      
3360      3730      
3792      3903      
3319      3696      
3502      3767      
3502      3744      
3319      3729      
3317      3696      
3424      3757      
3593      3840      
3422      3654      
3761      3918      
3444      3725      
3570      3896      
3369      3822      
3554      3890      
3290      3654      
3569      3768      
3415      3728      
3517      3803      
3401      3787      
3372      3662      
3475      3817      
3453      3792      
