

  0  16   1  43   2  38   3  75   4  22   5   6   6  63   7  21   8  35   9  68  10  17  11  25  12  47  13  74  14  31  15  85  16  61  17  33  18  95  19  25 
  0  75   1  95   2  78   3  43   4  32   5  42   6  63   7  85   8  63   9  84  10  19  11  84  12  96  13  92  14  76  15  38  16  12  17  13  18  70  19  75 
  0  59   1  96   2  88   3  32   4  94   5  81   6  41   7   8   8  69   9  52  10  52  11  36  12  97  13  45  14  34  15  85  16  52  17  62  18  58  19  30 
  0  70   1  61   2  59   3  27   4  27   5  78   6  88   7  61   8  18   9  88  10   6  11  33  12  58  13  14  14  14  15  87  16  35  17   1  18  91  19  46 
  0  43   1  58   2   2   3   6   4  28   5   9   6  23   7  91   8  64   9  88  10  89  11  69  12  28  13  52  14  43  15  19  16  65  17   2  18  95  19   2 
  0  88   1  29   2  38   3  21   4  72   5  63   6  27   7  40   8  55   9  78  10  25  11  48  12  70  13   6  14  22  15  29  16  11  17   3  18   8  19  78 
  0  50   1  52   2  88   3  72   4  37   5  42   6  58   7  14   8  94   9  51  10  52  11  37  12  88  13   7  14  86  15  28  16  20  17  15  18  76  19  35 
  0  55   1  28   2  89   3  75   4  30   5  43   6  16   7  71   8  62   9  57  10  51  11  35  12  85  13  32  14   1  15  78  16  66  17  83  18  35  19  38 
  0  65   1  91   2  94   3  41   4  95   5  68   6  16   7  10   8   8   9  29  10   2  11  39  12  23  13  75  14  52  15   6  16  59  17   4  18  93  19  64 
  0  56   1  71   2  28   3  16   4  29   5  44   6  59   7  88   8  77   9  59  10  18  11  97  12  40  13  16  14   8  15   5  16  65  17  39  18  14  19   9 
  0  64   1  61   2  73   3  62   4  25   5  61   6  16   7  13   8  97   9  83  10  14  11  70  12  99  13  98  14   2  15  87  16  15  17  81  18  72  19  64 
  0  38   1  52   2  41   3  81   4  41   5  42   6  11   7  11   8  39   9  97  10   8  11  51  12   7  13  36  14  58  15  59  16  25  17  32  18  26  19  32 
  0  89   1  51   2   7   3  77   4   4   5  22   6  15   7  70   8  89   9  73  10  58  11  56  12  17  13  98  14  36  15  48  16  50  17  46  18  36  19  64 
  0  80   1   4   2  87   3  21   4  10   5  89   6  78   7  13   8  32   9  39  10  23  11  82  12  10  13   1  14  48  15   8  16  47  17  12  18  65  19  67 
  0  67   1   5   2  11   3  56   4  30   5  56   6  29   7  49   8  42   9  12  10  43  11  80  12  58  13  62  14  95  15  46  16  22  17  42  18  62  19  23 
  0  37   1  76   2  19   3  51   4  60   5  86   6   6   7  14   8  70   9  24  10  41  11  80  12  28  13  49  14  82  15  77  16  50  17  40  18  54  19  84 
  0  45   1  19   2  44   3  13   4  16   5  73   6  50   7  57   8  77   9  73  10  59  11  53  12  90  13  67  14  11  15  49  16  81  17  79  18  70  19  53 
  0  36   1   5   2  94   3  36   4  87   5  46   6  92   7  97   8  59   9  35  10  93  11  18  12  86  13  39  14  20  15  64  16  33  17  67  18  57  19  78 
  0  78   1  13   2  21   3  36   4  83   5  81   6  95   7  29   8  11   9  80  10  30  11  25  12  63  13  57  14  32  15  67  16  86  17  98  18   9  19  34 
  0  14   1  97   2   2   3  17   4  10   5  75   6  15   7  81   8   3   9  20  10   9  11  34  12  30  13  67  14  44  15  66  16  36  17  25  18  26  19  25 
  0  99   1  36   2  13   3  77   4  88   5   9   6  45   7  48   8  42   9  18  10  30  11  94  12  36  13  37  14  33  15  95  16  35  17   3  18  42  19  61 
  0   6   1  24   2  86   3  62   4  35   5  19   6   7   7   5   8  69   9   9  10  63  11  24  12   6  13  53  14  51  15  64  16  73  17  96  18  39  19  58 
  0  78   1  86   2  72   3   8   4  62   5  15   6  27   7  24   8  28   9  34  10  80  11  64  12   9  13  23  14  15  15  66  16  88  17  82  18  92  19  51 
  0   6   1  84   2  15   3  72   4  51   5  94   6   7   7  87   8  38   9  34  10  96  11  10  12  25  13  35  14  36  15  51  16  36  17   8  18  10  19  19 
  0  19   1  19   2  55   3  43   4  50   5  32   6  98   7  19   8  70   9  40  10  33  11   4  12  21  13  73  14  62  15  68  16  29  17  62  18  47  19   6 
  0  16   1  98   2  20   3  60   4  71   5  85   6  29   7  52   8  15   9   5  10  45  11  29  12  60  13   7  14  19  15  12  16  21  17  39  18  56  19  64 
  0   9   1  43   2  82   3  77   4   6   5  26   6  18   7  66   8  12   9  67  10  49  11  36  12  29  13  68  14   5  15  87  16  14  17  90  18  27  19  91 
  0  53   1  20   2  48   3  49   4  60   5  15   6   4   7  40   8  91   9  98  10  21  11  45  12  81  13  86  14  82  15  30  16  28  17  85  18  69  19  20 
  0  10   1  42   2  32   3  66   4  34   5  13   6  43   7  27   8  91   9   9  10  45  11  11  12  56  13  83  14  19  15  28  16  47  17  80  18  69  19  78 
  0  76   1  20   2  36   3  27   4  87   5  53   6  11   7  47   8  41   9  91  10   7  11  26  12  92  13  52  14  99  15  50  16  21  17  61  18  14  19  55 
  0  14   1  23   2  95   3  99   4  19   5  12   6  84   7  78   8  42   9  94  10  27  11  78  12  24  13  75  14  76  15  32  16  22  17  78  18  38  19  95 
  0  18   1  90   2  87   3  75   4  95   5  92   6  65   7  33   8  51   9  63  10  41  11  13  12  37  13   1  14  58  15  81  16  46  17  88  18  95  19  20 
  0  46   1  46   2  96   3  49   4  32   5  86   6   1   7  60   8  55   9  57  10  83  11  23  12  74  13   5  14  63  15  36  16  64  17  11  18  70  19  83 
  0  37   1  67   2  16   3  19   4  35   5  55   6  81   7  66   8  14   9  71  10   1  11   9  12  98  13  69  14  76  15  10  16  63  17  40  18  48  19  50 
  0  38   1  15   2  37   3  51   4  44   5  57   6  78   7  30   8  64   9  16  10  20  11   4  12  95  13  45  14  61  15  14  16  91  17  88  18   5  19  78 
  0  70   1  52   2   7   3  82   4  87   5  38   6  60   7  32   8  40   9  17  10  10  11  59  12   3  13  78  14  46  15  97  16  43  17  52  18   3  19  20 
  0  92   1   2   2  13   3  84   4  44   5  87   6  72   7  22   8   6   9  33  10  86  11  81  12  76  13  36  14  54  15  98  16  23  17  58  18  15  19   7 
  0  30   1  94   2  49   3  91   4   7   5  95   6   8   7  85   8  72   9  75  10  13  11  57  12  80  13  58  14  68  15  22  16  83  17  22  18  88  19  13 
  0  87   1  54   2   1   3  19   4  56   5   6   6  70   7  55   8  89   9  18  10  43  11  23  12  73  13   7  14  70  15  76  16  62  17  58  18  58  19  66 
  0  65   1  15   2  65   3  79   4  70   5  31   6   4   7  81   8  28   9  11  10  31  11  10  12  98  13  31  14   3  15  30  16  67  17  64  18  88  19  10 
  0  78   1  39   2  73   3  60   4  76   5  49   6  21   7  84   8  25   9  24  10  52  11  32  12  14  13  21  14  16  15  26  16  89  17  33  18   1  19  21 
  0  85   1  70   2  62   3  81   4  26   5  94   6   3   7  42   8  29   9  19  10  23  11  94  12   6  13  31  14  22  15  63  16   8  17  85  18  25  19  18 
  0  53   1   8   2  18   3  71   4  43   5  74   6   4   7  12   8  63   9  43  10  50  11  93  12   2  13  22  14  50  15  17  16  71  17  85  18  44  19  85 
  0  78   1  41   2  80   3  27   4  58   5  56   6   5   7  22   8  19   9  56  10  30  11  43  12  26  13  19  14  27  15  30  16  79  17  35  18  60  19  63 
  0   8   1  85   2  59   3  49   4  12   5  90   6  26   7  43   8  55   9   3  10   4  11  41  12  67  13  48  14  88  15  15  16  94  17  84  18  28  19  24 
  0  72   1  22   2  23   3  84   4  22   5  61   6  53   7  42   8   2   9  71  10  34  11  35  12  65  13  36  14  95  15  70  16  62  17  75  18  40  19  68 
  0  85   1  92   2  25   3  55   4  14   5   8   6  93   7  36   8  45   9  72  10  98  11  60  12  68  13  64  14  91  15  43  16   7  17   3  18  46  19  42 
  0  57   1  71   2  95   3  10   4  78   5  20   6  79   7  72   8  51   9  33  10  61  11  54  12  33  13  19  14  79  15  91  16  40  17  35  18  73  19  48 
  0  86   1  45   2  10   3  73   4   6   5  79   6  23   7   3   8  78   9  33  10   4  11  45  12  74  13  37  14   2  15  59  16  23  17  49  18   4  19  42 
  0   6   1  88   2  17   3   2   4   1   5   6   6   9   7  60   8  60   9  32  10   2  11  79  12  75  13  84  14  60  15  95  16  42  17  37  18   3  19  66 
  0  88   1  76   2  14   3  22   4  46   5  79   6  43   7  51   8  34   9   4  10  51  11  92  12  29  13  98  14   7  15  69  16  87  17  44  18  12  19  47 
  0  37   1  32   2  89   3  63   4  33   5  76   6  88   7  64   8  86   9  29  10  81  11  59  12  58  13  93  14  77  15  93  16  11  17  61  18  39  19  69 
  0  92   1  36   2  28   3  39   4  95   5  43   6  26   7  51   8  78   9  42  10  42  11  32  12  92  13  81  14  11  15  60  16   6  17  18  18  32  19  97 
  0   3   1  29   2  85   3  76   4  20   5  39   6   3   7  30   8  22   9  45  10  45  11  14  12  75  13  24  14  62  15  51  16  93  17  41  18  39  19   9 
  0  64   1  30   2  62   3  59   4  96   5  13   6  32   7  51   8  74   9  32  10  38  11  68  12  84  13  91  14  86  15  42  16  26  17  96  18  85  19  28 
  0  57   1  85   2  58   3  71   4  36   5  52   6  42   7  77   8   6   9  49  10  86  11  67  12  43  13  79  14  66  15  57  16  56  17  59  18  97  19  20 
  0  42   1  26   2  41   3  43   4  10   5  58   6   2   7  24   8  94   9   4  10  59  11  70  12  93  13  72  14  79  15  69  16  47  17  35  18  98  19  26 
  0  35   1  39   2  51   3  77   4  47   5  39   6  78   7  48   8  26   9  64  10  51  11  92  12   6  13  80  14  37  15  71  16  17  17   2  18  90  19  48 
  0  46   1  93   2  71   3  40   4  70   5  79   6  13   7  89   8  59   9  62  10  42  11  70  12  40  13  15  14  85  15  82  16  50  17  56  18  95  19  85 
  0  40   1  76   2  81   3  10   4  60   5  49   6   9   7  71   8  15   9   8  10  11  11  69  12  74  13  44  14  60  15  63  16  47  17  76  18  95  19  57 
  0  83   1  39   2   7   3   7   4  36   5  68   6   1   7  52   8  93   9  31  10   4  11  44  12  87  13  74  14  54  15  18  16  14  17   5  18  38  19  97 
  0  43   1  57   2  36   3  36   4  77   5  64   6   9   7  16   8  46   9  31  10  70  11  87  12  19  13  54  14  54  15  87  16  97  17  59  18  25  19  49 
  0  15   1   8   2  11   3  62   4  85   5  13   6  82   7  53   8  13   9  74  10  18  11  82  12  80  13  98  14  59  15  81  16  46  17  67  18   1  19  24 
  0  44   1  30   2  60   3  71   4  43   5  20   6  79   7  73   8  78   9  66  10  74  11  23  12  39  13  49  14  42  15   2  16  50  17  76  18  70  19  56 
  0  72   1  95   2  73   3  47   4  96   5  11   6  88   7  81   8  25   9  72  10  37  11  20  12  59  13  35  14  81  15  41  16  36  17  67  18  88  19  64 
  0  82   1  65   2  73   3  85   4  27   5  54   6  69   7  16   8  22   9  95  10  76  11   4  12  97  13  18  14  20  15  38  16  37  17   2  18  50  19  63 
  0  45   1  75   2  94   3  73   4  45   5  44   6  29   7   9   8  72   9   4  10  12  11  82  12  94  13  83  14  64  15   5  16   5  17  61  18  61  19  40 
  0   3   1  46   2   8   3   4   4  67   5  17   6  42   7  47   8  37   9  53  10  80  11  20  12  82  13  68  14  72  15  98  16  51  17  63  18  23  19  45 
  0  11   1  37   2  98   3   7   4  34   5  69   6  83   7  45   8  58   9  88  10  40  11  78  12  25  13  56  14  70  15  27  16  40  17  73  18  98  19  84 
  0  73   1  75   2  99   3  42   4  25   5  43   6  78   7  12   8  68   9  77  10  28  11   5  12  75  13  71  14  59  15  90  16  20  17  24  18  81  19  85 
  0  82   1  20   2  70   3  93   4  39   5  99   6  43   7  32   8  17   9  14  10  77  11  24  12  70  13  26  14  76  15  88  16  30  17  79  18  74  19  70 
  0  11   1   1   2  87   3  74   4  98   5  63   6  85   7  28   8  98   9  13  10  21  11  79  12  58  13  75  14  53  15   6  16  51  17  42  18  17  19  42 
  0  22   1  81   2  45   3  46   4  18   5  52   6  66   7  46   8   3   9  80  10  48  11  38  12  65  13  29  14  31  15  27  16  72  17  60  18   6  19  22 
  0  41   1  30   2  90   3  23   4  37   5  45   6  17   7  36   8  35   9  18  10  72  11  74  12  52  13  64  14  36  15  74  16  33  17  61  18  50  19  54 
  0  44   1  63   2  81   3  98   4  39   5  62   6  25   7  55   8  40   9  19  10  88  11  54  12  42  13  71  14  97  15  10  16  87  17  49  18  63  19  34 
  0   6   1  47   2  21   3   7   4  69   5  49   6  11   7  95   8  55   9   2  10  54  11  10  12   7  13  80  14   5  15  51  16  96  17  66  18  39  19  92 
  0  99   1  77   2   4   3  16   4  35   5  40   6  21   7   4   8  44   9  91  10  13  11  98  12  35  13   2  14  90  15  22  16  46  17  41  18  38  19  22 
  0  28   1  71   2  15   3  69   4  97   5  48   6  42   7  33   8  99   9  93  10  63  11  32  12  65  13  41  14  54  15  83  16  17  17  86  18   9  19   5 
  0  49   1  92   2  36   3  50   4  85   5  85   6  20   7  77   8  83   9  28  10  91  11  34  12  19  13  60  14  84  15  43  16  19  17  37  18  38  19  36 
  0  25   1  26   2  39   3  15   4  34   5  29   6  31   7  35   8  63   9  22  10  49  11  46  12   8  13  23  14  92  15  55  16  17  17  84  18  86  19  69 
  0  75   1  31   2  20   3  39   4  55   5  25   6  62   7  63   8  54   9  31  10  86  11  77  12  70  13  84  14   3  15  59  16  83  17   3  18  70  19  77 
  0  38   1  11   2  89   3  66   4  20   5  84   6  50   7  16   8  66   9  17  10  36  11  25  12  98  13  96  14  10  15   2  16  87  17  84  18  27  19  72 
  0  76   1  79   2  99   3  78   4  23   5  76   6  16   7  55   8  31   9  52  10  19  11  96  12  81  13  17  14  59  15  78  16  30  17  90  18  89  19  53 
  0  19   1  67   2  36   3  94   4  72   5  93   6   9   7  88   8   5   9  34  10  69  11  68  12   8  13  27  14  62  15  46  16  24  17  18  18  53  19  21 
  0  74   1  22   2  26   3  95   4  53   5  25   6  83   7  89   8   5   9  93  10  30  11  76  12  44  13  46  14  98  15  59  16  76  17  28  18  38  19   8 
  0  17   1  53   2  91   3  60   4  67   5  27   6  38   7  48   8  22   9  11  10  23  11  60  12  54  13  70  14  82  15  29  16  29  17  76  18  56  19  21 
  0  11   1  55   2   8   3   1   4  31   5  96   6  88   7  51   8  84   9  24  10  78  11  42  12  48  13  64  14  48  15  89  16  44  17  30  18  89  19  82 
  0  56   1  54   2  13   3  73   4  53   5  12   6  50   7  66   8  27   9  92  10  36  11  55  12  88  13  44  14  85  15  65  16   1  17  64  18  14  19  68 
  0  90   1   7   2  14   3  91   4  66   5  99   6  50   7  71   8  18   9  12  10  59  11  29  12  94  13  30  14  37  15  28  16  67  17  63  18  28  19  69 
  0  70   1  34   2  30   3  49   4  95   5  61   6  69   7  89   8  33   9  59  10  92  11  86  12  95  13   6  14  24  15  28  16  19  17  96  18  81  19  31 
  0  58   1  32   2  18   3  37   4  12   5  41   6  92   7  46   8  50   9  20  10  41  11  95  12  75  13  10  14  63  15  17  16  34  17  29  18   3  19  76 
  0  29   1  12   2  91   3  61   4  91   5   5   6  66   7  75   8  28   9  41  10  70  11  55  12  22  13  35  14   6  15  72  16  25  17   6  18  22  19  28 
  0  59   1   2   2  28   3  53   4  99   5  43   6  14   7  21   8  93   9  30  10  65  11  47  12  18  13  91  14  34  15  94  16  51  17  98  18  59  19  89 
  0  80   1  27   2  29   3  88   4  10   5  36   6  79   7  54   8   3   9   6  10  51  11  93  12  75  13  63  14  73  15  66  16  32  17   6  18  21  19  54 
  0  53   1  27   2  41   3  15   4  46   5  67   6  68   7  35   8  79   9  80  10  44  11  31  12  21  13  43  14   3  15   9  16  79  17  80  18  30  19  46 
  0  20   1  11   2  43   3  98   4  26   5  99   6  35   7   8   8   2   9  16  10  83  11  50  12  50  13   4  14  19  15  15  16  95  17  90  18  26  19  80 
  0  66   1  79   2  97   3  77   4  67   5  32   6  26   7  40   8  62   9  96  10  82  11   4  12  41  13   9  14  43  15  78  16  62  17  82  18  64  19  42 
  0   6   1  90   2  98   3  54   4   6   5  26   6  79   7  23   8  35   9  70  10   6  11  14  12  69  13  23  14  38  15  78  16  24  17  62  18  57  19  80 
  0  12   1  85   2  56   3  31   4  74   5  13   6  25   7   2   8   4   9  39  10  21  11  17  12  29  13   8  14   7  15  83  16  98  17  90  18   8  19  47 
  0  81   1  87   2  95   3  41   4  17   5  34   6  14   7  60   8  22   9  45  10  72  11   2  12  45  13  27  14  73  15  96  16  99  17  95  18  25  19  62 


