LB        BEST-KNOWN
6111      6328      
6287      6417      
6089      6415      
6431      6514      
6220      6495      
5944      6301      
5903      6214      
5827      6183      
6241      6476      
5938      6216      
5990      6264      
6212      6314      
5864      6192      
6024      6448      
5947      6407      
6084      6299      
6385      6456      
6058      6415      
6306      6430      
6012      6328      
5980      6242      
6146      6382      
6049      6424      
6203      6368      
6052      6286      
5847      6299      
6071      6260      
6108      6403      
5889      6182      
5946      6152      
6145      6394      
5873      6208      
6030      6229      
6185      6433      
5946      6297      
6350      6454      
5893      6219      
5779      6186      
6186      6377      
6371      6486      
5971      6165      
6263      6491      
6017      6177      
6097      6393      
6034      6408      
5990      6325      
6022      6276      
6103      6383      
6023      6375      
6039      6374      
6252      6433      
6253      6548      
6066      6250      
6207      6390      
6369      6468      
6039      6271      
6096      6390      
6096      6273      
6135      6297      
6377      6477      
6232      6449      
6225      6406      
6065      6269      
5967      6373      
6091      6440      
6057      6305      
5863      6266      
6019      6195      
5998      6485      
6083      6243      
5920      6251      
6138      6296      
5980      6299      
6142      6437      
5995      6190      
5888      6233      
6463      6565      
6188      6419      
6100      6345      
6154      6421      
6068      6416      
6219      6585      
6054      6364      
5930      6250      
5863      6132      
6072      6345      
6205      6427      
5939      6376      
6279      6528      
6023      6309      
6087      6304      
6288      6503      
5818      6150      
6151      6311      
6214      6550      
6060      6230      
6048      6308      
5993      6413      
5938      6305      
6062      6273      
