

  0  24   1  16   2  31   3  27   4  73   5  13   6  22   7  34   8  63   9  70  10  70  11  49  12  76  13  42  14  36  15  82  16  18  17  40  18  45  19  87 
  0  16   1  23   2  31   3  48   4  68   5  28   6  45   7   1   8  77   9  46  10  58  11  35  12   2  13  66  14  60  15  38  16  39  17  27  18   6  19  11 
  0  85   1  71   2  42   3  59   4  87   5  90   6  97   7  23   8  73   9  20  10  39  11  72  12  55  13  36  14  64  15  20  16  92  17  87  18  96  19  70 
  0  26   1  50   2  91   3  43   4  13   5   1   6  61   7  44   8  22   9  77  10  63  11  84  12   9  13  55  14  74  15  23  16  77  17  51  18  48  19  57 
  0  69   1   9   2  33   3   3   4  19   5  19   6  69   7  27   8  19   9  12  10  47  11  99  12  34  13  79  14  28  15   9  16  65  17  74  18  54  19  25 
  0  82   1  72   2  55   3  71   4  68   5  34   6  38   7  79   8  40   9  23  10  87  11  82  12  16  13  23  14  87  15  83  16  56  17  57  18  99  19  53 
  0  33   1  56   2  48   3  69   4  90   5  23   6  32   7  53   8  25   9  62  10   6  11  69  12  53  13  75  14  14  15  74  16  28  17  73  18  94  19  37 
  0  92   1  93   2  77   3  85   4  59   5  39   6  62   7  78   8  14   9  92  10  91  11  20  12  57  13  82  14  67  15  59  16  94  17  41  18  53  19  36 
  0  97   1   2   2  33   3  22   4  89   5  82   6  28   7  85   8   4   9  24  10   5  11  27  12  71  13  98  14  32  15   5  16  16  17  78  18  39  19  91 
  0  90   1   2   2  28   3  31   4  79   5  86   6  72   7   8   8   9   9  24  10  37  11  74  12  47  13  80  14   4  15  59  16  41  17  72  18  40  19  88 
  0  48   1  36   2  59   3  84   4  84   5  19   6  99   7  15   8  87   9  24  10  65  11  62  12  86  13  71  14  90  15   9  16  44  17  85  18  64  19  91 
  0  71   1  23   2  84   3  74   4  81   5  54   6  31   7  68   8  30   9  38  10  21  11  58  12  82  13  93  14  15  15  61  16  99  17  62  18  33  19  79 
  0  84   1  28   2   7   3  18   4  44   5  78   6  47   7  63   8   8   9  56  10  78  11  26  12  27  13  12  14  87  15  13  16  31  17  81  18  19  19  77 
  0   8   1  23   2  19   3  69   4  86   5  66   6  57   7  71   8  40   9  16  10  18  11  69  12  50  13  14  14   1  15  65  16   7  17  93  18  81  19  78
  0  52   1  70   2  22   3  74   4  42   5  47   6  71   7  47   8  68   9  76  10  78  11  85  12  48  13  59  14  85  15  99  16  52  17  44  18  12  19  53 
  0  27   1  20   2  64   3  33   4  41   5  30   6  30   7  64   8  54   9   5  10  74  11  75  12  95  13  72  14  76  15  60  16   4  17  85  18  33  19  93 
  0  59   1  16   2  59   3  72   4  44   5  15   6  86   7  89   8  16   9  71  10  52  11  74  12  85  13  83  14  85  15  11  16  46  17  44  18  20  19  33 
  0  86   1  24   2  76   3  19   4  97   5  36   6   8   7  82   8  74   9  46  10  47  11  36  12  28  13   1  14  44  15  75  16  67  17  36  18   3  19  40 
  0  34   1  18   2  54   3  50   4  80   5  59   6  89   7  18   8  83   9  91  10  50  11  87  12  37  13  81  14  26  15  24  16  35  17  59  18  13  19  25 
  0  64   1  18   2  92   3  46   4  45   5  14   6  49   7   2   8  37   9  32  10  62  11  85  12  44  13  63  14  95  15   2  16  10  17  41  18  21  19  30 
  0  46   1   6   2  24   3  93   4   4   5  91   6  29   7  15   8  23   9  67  10  23  11  58  12  85  13  98  14   6  15   9  16  77  17   1  18  75  19  91 
  0  67   1  28   2  88   3  42   4   8   5   9   6  97   7  95   8  31   9   7  10  22  11   3  12  92  13   6  14  50  15  45  16  64  17  19  18   3  19  45 
  0  44   1  25   2  78   3   5   4  51   5  34   6  69   7  70   8  76   9  45  10   6  11  72  12  83  13  78  14  43  15  47  16  13  17  72  18  31  19  39 
  0  38   1  83   2  85   3  45   4  95   5  77   6  67   7  71   8  23   9  45  10  81  11   4  12   9  13  86  14  56  15  90  16   5  17  58  18  44  19   1 
  0  89   1  21   2  75   3  57   4  76   5  91   6  39   7  66   8  14   9  33  10   8  11  61  12  99  13  84  14  41  15  92  16  48  17  74  18  42  19  42 
  0   8   1  57   2   9   3  34   4  21   5  35   6  75   7  46   8  30   9  51  10  28  11  62  12   2  13  64  14   6  15  13  16  29  17  30  18  21  19  15 
  0  22   1   1   2  13   3  55   4  38   5   7   6   4   7  33   8  66   9  33  10  63  11  51  12  65  13  29  14  44  15  99  16  82  17  12  18  20  19  74 
  0   2   1  45   2   9   3  54   4  59   5  90   6  21   7  41   8  89   9  11  10  77  11  21  12  39  13   3  14  91  15  86  16  71  17  26  18  70  19  96 
  0  82   1  75   2  51   3  32   4  51   5  80   6  47   7  54   8  71   9   5  10  44  11  83  12  61  13  93  14  35  15  82  16   7  17  87  18  62  19  25 
  0  59   1   9   2  85   3  28   4  87   5  90   6  14   7  45   8   6   9  76  10  68  11  68  12  76  13  21  14  93  15  26  16  68  17  48  18  15  19  32 
  0  24   1  78   2  28   3  11   4   3   5  92   6  56   7   4   8  47   9  42  10  26  11  17  12  35  13  61  14  99  15  45  16  91  17  54  18  62  19   9 
  0  95   1  10   2  93   3  21   4  95   5  85   6  55   7  98   8   9   9  80  10  98  11  78  12  62  13  76  14  68  15  80  16   3  17  75  18  72  19  35 
  0  12   1  69   2  40   3  75   4  19   5  53   6  19   7  53   8  55   9  77  10  24  11  89  12  99  13  33  14  76  15  77  16  52  17  84  18  16  19  21 
  0  96   1  74   2  98   3   1   4  57   5   3   6  35   7  71   8  20   9  50  10  70  11  72  12  32  13   4  14  80  15  21  16  47  17  63  18  21  19  20 
  0  20   1  92   2  63   3  76   4  72   5  24   6   2   7  31   8  29   9  69  10  30  11  27  12  79  13  22  14  31  15  78  16  62  17  29  18  44  19  50 
  0  80   1  14   2   5   3   5   4  63   5  49   6  51   7  93   8  85   9  17  10  77  11  20  12  15  13  58  14  14  15  50  16  86  17  96  18  89  19  33 
  0  96   1  64   2  10   3  28   4  17   5  76   6   8   7  82   8  84   9  23  10  11  11  22  12  17  13  21  14  10  15  81  16  16  17  70  18  29  19  68 
  0  32   1  19   2  36   3  37   4  22   5   2   6   8   7  64   8  33   9  52  10  61  11  67  12  22  13  81  14  53  15  73  16   3  17  79  18  24  19  42 
  0  16   1  28   2  10   3  39   4  10   5  28   6  21   7  10   8  26   9  52  10  95  11  49  12  85  13  69  14   7  15  56  16  65  17  12  18  97  19  39 
  0   2   1  91   2   3   3  81   4  69   5  50   6  69   7  65   8  98   9  85  10  34  11   8  12  53  13   8  14  76  15  35  16  59  17  62  18  44  19  88 
  0  10   1  11   2  75   3  47   4  72   5  63   6  87   7  69   8  46   9  54  10  57  11  79  12   6  13  78  14  98  15  99  16  21  17  91  18   6  19  54 
  0  65   1  40   2  96   3  26   4   2   5  70   6  18   7  20   8  18   9  56  10   1  11  17  12  98  13  47  14  66  15  62  16  75  17  69  18  70  19  35 
  0  47   1  80   2  72   3  54   4  96   5  81   6  23   7  64   8  52   9  66  10  62  11  38  12  43  13  11  14  23  15  33  16  43  17  40  18  54  19  76 
  0  24   1   1   2  99   3  44   4  78   5  35   6  25   7  51   8  54   9  10  10  11  11   3  12  56  13  56  14  53  15  40  16  38  17  78  18  38  19  86 
  0  86   1  38   2  53   3  93   4  14   5  89   6  60   7  44   8  83   9  37  10   7  11  88  12  21  13  71  14  87  15  59  16  84  17  64  18  51  19  75 
  0  93   1  14   2  37   3  89   4  79   5  88   6  94   7  72   8  39   9  68  10  23  11  14  12  35  13  88  14  58  15  70  16  74  17  73  18  21  19  26 
  0  89   1  71   2  53   3  26   4  42   5  89   6  87   7  10   8  22   9  49  10  77  11  33  12  34  13  11  14  80  15  34  16  78  17  12  18  81  19  29 
  0  76   1   6   2  64   3  13   4  49   5  74   6  54   7  46   8  28   9  50  10   8  11  37  12   7  13  56  14  17  15  79  16  73  17  66  18   4  19  21 
  0  35   1  81   2  32   3  37   4   1   5  11   6  75   7   9   8  60   9  63  10  55  11  27  12  88  13   6  14  21  15  55  16  99  17  19  18  95  19  34 
  0  19   1  90   2  39   3  59   4  19   5  76   6   8   7  72   8  20   9  25  10  47  11  28  12  33  13   4  14  91  15  54  16  84  17  53  18  81  19  91 
  0  35   1  84   2  59   3  52   4  32   5  71   6  66   7  73   8  90   9  88  10  20  11  87  12  50  13  40  14  71  15  21  16  88  17  36  18  25  19  55 
  0  96   1  93   2  59   3  18   4  62   5  91   6  58   7  50   8  48   9   7  10  58  11  74  12  21  13  16  14  16  15  94  16  57  17   9  18  95  19  21 
  0  71   1  52   2   1   3   2   4  69   5   7   6  49   7  64   8  84   9   7  10  73  11  59  12  16  13  21  14  45  15  84  16  23  17  44  18  27  19  23 
  0  96   1  80   2  92   3  35   4  69   5  84   6  93   7  15   8  51   9  22  10  74  11  86  12  50  13  23  14  15  15  61  16  39  17  48  18  46  19  70 
  0  65   1  87   2  67   3  46   4  73   5  84   6  96   7  60   8   7   9  84  10  82  11  99  12  81  13  59  14  17  15  33  16  22  17  61  18  14  19  66 
  0  67   1  64   2  36   3   3   4  59   5   7   6  48   7  14   8  68   9  70  10  56  11  43  12  93  13  20  14  62  15  78  16  25  17  88  18   6  19  86 
  0  87   1  21   2  81   3  99   4  76   5  72   6  24   7   1   8  31   9  85  10  89  11  54  12  65  13  30  14  17  15  42  16  21  17  57  18  11  19  73 
  0  51   1  22   2  71   3   2   4  80   5  66   6  70   7  11   8  22   9   2  10  44  11  93  12   7  13  71  14  11  15  12  16  11  17  33  18  53  19  99 
  0   7   1  83   2   2   3  59   4  31   5  53   6  78   7  20   8  96   9  64  10  27  11   8  12  33  13  14  14   4  15   5  16  63  17  30  18  19  19  22 
  0  58   1  49   2  27   3  82   4  66   5  72   6  35   7  43   8  85   9  37  10  83  11  28  12  33  13  43  14  19  15  24  16  14  17  74  18   3  19  78 
  0  95   1  29   2   4   3  21   4  17   5  60   6   6   7  42   8  87   9  28  10  11  11  36  12  32  13  87  14  77  15  21  16  50  17  78  18  31  19  68 
  0  25   1  34   2  40   3   9   4  28   5  83   6  86   7  73   8  26   9  35  10  85  11  10  12  25  13   8  14  36  15  90  16   3  17  92  18  47  19  47 
  0  85   1  52   2  47   3  76   4  99   5  13   6  89   7   5   8  46   9  27  10  23  11  90  12  23  13  70  14  60  15  17  16  45  17  73  18  30  19  42 
  0  28   1  58   2  24   3  16   4  29   5  23   6  71   7   7   8  46   9  92  10  80  11  34  12  75  13  19  14  61  15  21  16  89  17   9  18  55  19   6 
  0  53   1   2   2  35   3  66   4  40   5  66   6  24   7  77   8  52   9  16  10  42  11  49  12  16  13  43  14  78  15  13  16   2  17  42  18  34  19  77 
  0   3   1  73   2  31   3   2   4  85   5  39   6  50   7   6   8  23   9  71  10  70  11  82  12  15  13  95  14  59  15  54  16  92  17  44  18  96  19   4 
  0  58   1  16   2  92   3  82   4  66   5  94   6  72   7  35   8  58   9  79  10  57  11   4  12  93  13  54  14  83  15  39  16  40  17  27  18  36  19  39 
  0  47   1  82   2  36   3  72   4  78   5  58   6  73   7  31   8  31   9  48  10  92  11  39  12  97  13  42  14  98  15   4  16  69  17  39  18  16  19  94 
  0  65   1  79   2  54   3  14   4  32   5   7   6  14   7  18   8  30   9  23  10  18  11  93  12  53  13  27  14  68  15   3  16  23  17  80  18  67  19  34 
  0  26   1  78   2  86   3  91   4  80   5  36   6  74   7  49   8   7   9  41  10  43  11  87  12  87  13  45  14  87  15  15  16  80  17  14  18  39  19  59 
  0  78   1  87   2  56   3  88   4  68   5  31   6  92   7   3   8  72   9  37  10  97  11  81  12  72  13  81  14  73  15  59  16  28  17  97  18   9  19   6 
  0  16   1  98   2  23   3  18   4  88   5  27   6  89   7  57   8  62   9  74  10  19  11  79  12  23  13  39  14   7  15  16  16  38  17  25  18  46  19  73 
  0  97   1  63   2  39   3  11   4  26   5  74   6  28   7  36   8  79   9  10  10  53  11  21  12  56  13  99  14  49  15  59  16  98  17  82  18  32  19  34 
  0  64   1  70   2  29   3  16   4  20   5  41   6  93   7  10   8  56   9  77  10  17  11  84  12  73  13  16  14  57  15  74  16  42  17  18  18  17  19   4 
  0  10   1  98   2  73   3  57   4   4   5  26   6  25   7  52   8  27   9   5  10  99  11  36  12  82  13  80  14   8  15   3  16  26  17  72  18  79  19  69 
  0  77   1  91   2  93   3  97   4  46   5   7   6  95   7   2   8  36   9  39  10   7  11  81  12  41  13  31  14  88  15  78  16   4  17  94  18   9  19  47 
  0  11   1  18   2  65   3  41   4  66   5  73   6  13   7  89   8  59   9  10  10  80  11  58  12  87  13  92  14  81  15  89  16  44  17  84  18  18  19  81 
  0  89   1  90   2  58   3  85   4  52   5  37   6  80   7  99   8  83   9  11  10  24  11  38  12  32  13  26  14  82  15  39  16  10  17  14  18  67  19  21 
  0  90   1  98   2   4   3  87   4   7   5  19   6  27   7   6   8  58   9   9  10  81  11  52  12  84  13  70  14  54  15  18  16  21  17  36  18   9  19  41 
  0   5   1  85   2  65   3  20   4  62   5  18   6  67   7  43   8  83   9  24  10  52  11  55  12  83  13  71  14  71  15  62  16  48  17  79  18  46  19  91 
  0  65   1  77   2  53   3  49   4   4   5  47   6  48   7  54   8  99   9  14  10  82  11  65  12  39  13  19  14  26  15  62  16  97  17  52  18  66  19  86 
  0  45   1  97   2  84   3  39   4  89   5  27   6  63   7  69   8  29   9  21  10  41  11  36  12  71  13  65  14  38  15  18  16  52  17  77  18  99  19  91 
  0  68   1  12   2  58   3  36   4  57   5  33   6  28   7  38   8  77   9  30  10  74  11  51  12   4  13  33  14  68  15  10  16  78  17  90  18  55  19  66 
  0  98   1  32   2  43   3  73   4  95   5  41   6  25   7  28   8  85   9  62  10   4  11   6  12  42  13   5  14  51  15  94  16  55  17  46  18  73  19  68 
  0  16   1  33   2  52   3  16   4  99   5  31   6  22   7  73   8  35   9  22  10  23  11  51  12  11  13   7  14  45  15  70  16  88  17  39  18   9  19  10 
  0  80   1  30   2  95   3  56   4  88   5  85   6   5   7  93   8  82   9  52  10  67  11  18  12  18  13  28  14  23  15  71  16  36  17  66  18   9  19  19 
  0  28   1   8   2  34   3  81   4  31   5  52   6  12   7  30   8  48   9  45  10  32  11  90  12  87  13  96  14  98  15  70  16  71  17  39  18  57  19  45 
  0  99   1  29   2  19   3  44   4  47   5  16   6  15   7  97   8   4   9   6  10  94  11  92  12  12  13  87  14  53  15  97  16  77  17  21  18  16  19  74 
  0  87   1  81   2  51   3  35   4   4   5  83   6  42   7   9   8  49   9  88  10  43  11  81  12  36  13  97  14  25  15  85  16  92  17  52  18  46  19  85 
  0  68   1  26   2  24   3  65   4  23   5  12   6  27   7   4   8  84   9  78  10  24  11  44  12  23  13  37  14  95  15  40  16   2  17  59  18  85  19  37 
  0  52   1  25   2  47   3   5   4  64   5  95   6  20   7  21   8  97   9  81  10  49  11  54  12   6  13  14  14  64  15  91  16  59  17  98  18  62  19  80 
  0   8   1   7   2  56   3  89   4  75   5   9   6  19   7  68   8  35   9  57  10   9  11  76  12  55  13  90  14  67  15  85  16  22  17  68  18  97  19  25 
  0  33   1  75   2  14   3  63   4  25   5  67   6  23   7  39   8  21   9  44  10  69  11  26  12  81  13  47  14   8  15   3  16  32  17  78  18  86  19  54 
  0  53   1   3   2   7   3  21   4   8   5  45   6  20   7  76   8  52   9  11  10  67  11  52  12  70  13  38  14  90  15  68  16  17  17  99  18  59  19  49 
  0  73   1   2   2   5   3  19   4  27   5  73   6  42   7  24   8   4   9  99  10  94  11  22  12  91  13  24  14  53  15  72  16  80  17   1  18  83  19  48 
  0  45   1  60   2  36   3  41   4  48   5  82   6  90   7  82   8  59   9  46  10  38  11  32  12  98  13  13  14  45  15  19  16  44  17   4  18  43  19  72 
  0  35   1  29   2  95   3  69   4   2   5  50   6  63   7  21   8  23   9   7  10  62  11   7  12  34  13  67  14  94  15  17  16  88  17  92  18  11  19  91 
  0  68   1  59   2  59   3  40   4  82   5  55   6  14   7  34   8  46   9  96  10  14  11  82  12  91  13  16  14  80  15  42  16  68  17  15  18  47  19  22 
  0  82   1  86   2  47   3  67   4   8   5  73   6   5   7  30   8  52   9  44  10   3  11  69  12  24  13  80  14  35  15  49  16  16  17  11  18  31  19  94 
  0  81   1  58   2  75   3   3   4  39   5  79   6  65   7  51   8  32   9  39  10  80  11  79  12  29  13  78  14  36  15  84  16   2  17  85  18  40  19  79 
  0  31   1  34   2  45   3  81   4   8   5  31   6  55   7  63   8  14   9  83  10  26  11  53  12  66  13  99  14  90  15   8  16   4  17   3  18  49  19  31 
  0  90   1  73   2  28   3  86   4   9   5   3   6   7   7  42   8  18   9  37  10   2  11   4  12  78  13  77  14  52  15  18  16  40  17  25  18  39  19  16 
  0  96   1  91   2  76   3  87   4  29   5  79   6  35   7  68   8   3   9  24  10  33  11  35  12  46  13  19  14  46  15  81  16  56  17  92  18  54  19   9 
  0  73   1  79   2  75   3  60   4  32   5  61   6  55   7  10   8  92   9  80  10  55  11  37  12  45  13  44  14  66  15  60  16  16  17  41  18   5  19  37 
  0   1   1  35   2  23   3   6   4  37   5   7   6  61   7  83   8  74   9  43  10   4  11  66  12  96  13  70  14   7  15  54  16   9  17  10  18  10  19  52 
  0  86   1  13   2  91   3  28   4   5   5  42   6  34   7  44   8  46   9  15  10  40  11  37  12  34  13  76  14  19  15  91  16  91  17  92  18  88  19  56 
  0  33   1  10   2  62   3  78   4  30   5  72   6  99   7  94   8  41   9  77  10  73  11   2  12  96  13   4  14  41  15  19  16  10  17   9  18  25  19  92 
  0   4   1  10   2   5   3   9   4  17   5  83   6  96   7  67   8  12   9  90  10   4  11  18  12  37  13  61  14  98  15  81  16  86  17  23  18  74  19  20 
  0  37   1  28   2  12   3  97   4  77   5  27   6  81   7  40   8  48   9  80  10  82  11  28  12  18  13  84  14  65  15  51  16  23  17  41  18  75  19  34 
  0  12   1  86   2  23   3  28   4  50   5  26   6  76   7  79   8  14   9  39  10  45  11  37  12  83  13  84  14  43  15  55  16   6  17  90  18  27  19  27 
  0  62   1  39   2  33   3  11   4  64   5  29   6  93   7  79   8  49   9  55  10  56  11  84  12  95  13  21  14  90  15  67  16  91  17  33  18  39  19   1 
  0  51   1  62   2  86   3  98   4  95   5  96   6  50   7  62   8  97   9  35  10  47  11  67  12  15  13  27  14  92  15  82  16  79  17  89  18  55  19  69 
  0  14   1  69   2  55   3   7   4  31   5  81   6  35   7  31   8  67   9  53  10  92  11  45  12  42  13  84  14  67  15  14  16  40  17  10  18  82  19  75 
  0  81   1  51   2   2   3  89   4  51   5  56   6  40   7  30   8   2   9  56  10  19  11  98  12   8  13  85  14  85  15  13  16  40  17   2  18  87  19  92 
  0  48   1  14   2  20   3  59   4  43   5  24   6   9   7  16   8  45   9  20  10  94  11  34  12  70  13  48  14   1  15  31  16  74  17  59  18  55  19  14 
  0  83   1  58   2  22   3  58   4  86   5  80   6  33   7  30   8  49   9  10  10   4  11  53  12  22  13  32  14  86  15  35  16  55  17  22  18  51  19   2 
  0  95   1  18   2  36   3  22   4  29   5  56   6  52   7  76   8  70   9  92  10  46  11  72  12  37  13   1  14  23  15  60  16  11  17  97  18  86  19  10 
  0  23   1  74   2  57   3  19   4  72   5  65   6  20   7  28   8  13   9  87  10  19  11  22  12  70  13  58  14  29  15  67  16  56  17  37  18  55  19  34 
  0  97   1  23   2  40   3  45   4   1   5  69   6  59   7  54   8  82   9  60  10  24  11  35  12  51  13  75  14  31  15  83  16  89  17  82  18  59  19   8 
  0  17   1  15   2   5   3  63   4  54   5  45   6  42   7  99   8  85   9  71  10  18  11  90  12  54  13  36  14  38  15  15  16  26  17  44  18  55  19  47 
  0  74   1  35   2  90   3  88   4  44   5  11   6  33   7  86   8  23   9  80  10  71  11  87  12  79  13  65  14  22  15  71  16  38  17  85  18  81  19  39 
  0  95   1  59   2   3   3  90   4  42   5  56   6  60   7  85   8   2   9  62  10  93  11  46  12  41  13  16  14  10  15   3  16  86  17  13  18  70  19  59 
  0  56   1  92   2   3   3  61   4  78   5  95   6  86   7  47   8  32   9  85  10  40  11  77  12   6  13  78  14  94  15   6  16  39  17  82  18  77  19  20 
  0  11   1  99   2  39   3  51   4  81   5   2   6  35   7  39   8  95   9   3  10  75  11  57  12  96  13   3  14  54  15  52  16  88  17  90  18  87  19  59 
  0  39   1  61   2  12   3  20   4  26   5  30   6  49   7  57   8  51   9  12  10  25  11  78  12  52  13   5  14  31  15  37  16  91  17  24  18  29  19  11 
  0  89   1  52   2  17   3  92   4  99   5  69   6  80   7   6   8  32   9  22  10  20  11  92  12   4  13  98  14  56  15  20  16  65  17  23  18  97  19  86 
  0   5   1  51   2  39   3  23   4  22   5  44   6  44   7  65   8  72   9  52  10  69  11  15  12  10  13  52  14  33  15  26  16  58  17  71  18   6  19  26 
  0  93   1  30   2  28   3  95   4  22   5  85   6  90   7  27   8  38   9  35  10  43  11  41  12  39  13  44  14  41  15  23  16  54  17  51  18  98  19  50 
  0  59   1  18   2  19   3  71   4  44   5   6   6  53   7   2   8  68   9  78  10  49  11   4  12  42  13   5  14  88  15  25  16  79  17  44  18  37  19  88 
  0  29   1  97   2   3   3  67   4  66   5  74   6  31   7  47   8  89   9  63  10  83  11  42  12  77  13  84  14  63  15  15  16  52  17  14  18  88  19  11 
  0  40   1  15   2  29   3  75   4   3   5  93   6  23   7  80   8  56   9  34  10  92  11  66  12  85  13  35  14  22  15   1  16  98  17  28  18  44  19  67 
  0  65   1  20   2  13   3  88   4  99   5  48   6  81   7  25   8   2   9  89  10  24  11  37  12  76  13  54  14  26  15  62  16  13  17  86  18  33  19  44 
  0  14   1  22   2  57   3  93   4  39   5  59   6  84   7  30   8  62   9  58  10  36  11  86  12  26  13  27  14  79  15  89  16  64  17   9  18  34  19  28 
  0  52   1  25   2  66   3  18   4  68   5  64   6  64   7  92   8  57   9  58  10  11  11   5  12  49  13   3  14   3  15  85  16  47  17  53  18  50  19  69 
  0   2   1  91   2  61   3  97   4  66   5  47   6  72   7  91   8  75   9  70  10  40  11  93  12  59  13  31  14  95  15  11  16  36  17  44  18  47  19  91 
  0  14   1  81   2  88   3  67   4  63   5  98   6  87   7  13   8  22   9   8  10  35  11  57  12  43  13  24  14  59  15  90  16  39  17  66  18  41  19  81 
  0  98   1  89   2  74   3  35   4  80   5  58   6  22   7  54   8   2   9  14  10  95  11   2  12  19  13  25  14  87  15  59  16  23  17  32  18  27  19  98 
  0  99   1  70   2  32   3  57   4  74   5  74   6  93   7  51   8  72   9  73  10  37  11  90  12  85  13  23  14  97  15  50  16  22  17  25  18  81  19  20 
  0   5   1  36   2  51   3  39   4  51   5  85   6   4   7  49   8  58   9  64  10  63  11  46  12   7  13  50  14  99  15  21  16  41  17  61  18  12  19  54 
  0   9   1  90   2  14   3  87   4  23   5  16   6  90   7  58   8  64   9  64  10  34  11  14  12  97  13  55  14  52  15  23  16  49  17  55  18  91  19  15 
  0  42   1  49   2  20   3  23   4  90   5  91   6  15   7  63   8  47   9  75  10  85  11   1  12  75  13  82  14  64  15  38  16  20  17  46  18  55  19  11 
  0  37   1  57   2  77   3  17   4  79   5  69   6  73   7  79   8  70   9  23  10  90  11   5  12  50  13  89  14  95  15  62  16  72  17  19  18  12  19  60 
  0  61   1  99   2  92   3  66   4  41   5  67   6  17   7  87   8  90   9  65  10  21  11  44  12  90  13  28  14  45  15   6  16  95  17  92  18  95  19  11 
  0  45   1  66   2  89   3  78   4  90   5  19   6  42   7  94   8  86   9  84  10  20  11  52  12  89  13  36  14  67  15  70  16  29  17  15  18  99  19  34 
  0  40   1  31   2  45   3  57   4  77   5  16   6   2   7  38   8  36   9  60  10  13  11   9  12  25  13  94  14  57  15  14  16   1  17   4  18  73  19  64 
  0  34   1  46   2  78   3  59   4  44   5  82   6   4   7  21   8  52   9  11  10  71  11  98  12  66  13  65  14   7  15  36  16  51  17  70  18  55  19  25 
  0  99   1  94   2   6   3  40   4  67   5  29   6   2   7  47   8   6   9  59  10  38  11  94  12  46  13  95  14  20  15  57  16   2  17   7  18  87  19  89 
  0  95   1  39   2   1   3  32   4  58   5  67   6  59   7  50   8  36   9  26  10  82  11   5  12  63  13  49  14  80  15  20  16  17  17  55  18  11  19  87 
  0  36   1  20   2  46   3  37   4  68   5  97   6  15   7   9   8   5   9  31  10  78  11  70  12  81  13   3  14  39  15  50  16  73  17  45  18  83  19  31 
  0  49   1  55   2  98   3  23   4  20   5  18   6  48   7  29   8   4   9  81  10  48  11  49  12  29  13  35  14  65  15  85  16  72  17  44  18  93  19  18 
  0  47   1  46   2  31   3  21   4  49   5  81   6  71   7  29   8  58   9  69  10  25  11  36  12   6  13  95  14  77  15  12  16  74  17  49  18  77  19  40 
  0  16   1  33   2  86   3  11   4   7   5  55   6   7   7  96   8   9   9   1  10  12  11   9  12  72  13  11  14  10  15  34  16  94  17  65  18   6  19  94 
  0  84   1  65   2   4   3  41   4  39   5  81   6   1   7  57   8  17   9  35  10  72  11  57  12  16  13  52  14   7  15  10  16  70  17  25  18   7  19  43 
  0  86   1  98   2  57   3  27   4  38   5  34   6   8   7  56   8  99   9  88  10  52  11  63  12  47  13  27  14  79  15  34  16  33  17  28  18  26  19  49 
  0   3   1  35   2  96   3   4   4  59   5  30   6  52   7   1   8  90   9  90  10  32  11  26  12  53  13   1  14  87  15  83  16  51  17  38  18  65  19  84 
  0  18   1  17   2  31   3  18   4  88   5  33   6  70   7  27   8  69   9   2  10   3  11  82  12  47  13  64  14  26  15  76  16  26  17  23  18  88  19  64 
  0  61   1  86   2  87   3   1   4  67   5  88   6  77   7  23   8  54   9  44  10  95  11  95  12  20  13  23  14   2  15  70  16  85  17  20  18  29  19  84 
  0  60   1   4   2   1   3  12   4  47   5  44   6  82   7   8   8  50   9  57  10  82  11  49  12  39  13  61  14  81  15  59  16  49  17  45  18  34  19  71 
  0  88   1   6   2  68   3  42   4  65   5  50   6  18   7  97   8  29   9  44  10  78  11  10  12  61  13  26  14  26  15  41  16  24  17  98  18  20  19   4 
  0  88   1  80   2  39   3  64   4  25   5  52   6   7   7  19   8  49   9  55  10  71  11  99  12   8  13  34  14  78  15  96  16  86  17  89  18  20  19  99 
  0  10   1  33   2  30   3   9   4  97   5  57   6  74   7  19   8  43   9  28  10  81  11  96  12   8  13  54  14  28  15  87  16  49  17  93  18  77  19  28 
  0  26   1  84   2  98   3  33   4  65   5  18   6  50   7  57   8  80   9  31  10  83  11  63  12  35  13  85  14  41  15  60  16  22  17   7  18  59  19  49 
  0   2   1  42   2   9   3  45   4  63   5  32   6  62   7  24   8  52   9  83  10  33  11  93  12  69  13  44  14  92  15  28  16  11  17   8  18  64  19  30 
  0  42   1  69   2  68   3  60   4  80   5  67   6  13   7  40   8   7   9   6  10  96  11   4  12  63  13  88  14  73  15   1  16   6  17   1  18  19  19  73 
  0  57   1  78   2  12   3  12   4  73   5  51   6  59   7  50   8  42   9  18  10   8  11  70  12  80  13  51  14  29  15  18  16  86  17  35  18  30  19  22 
  0  74   1  50   2  44   3  42   4  48   5  80   6  27   7  44   8  85   9  33  10  58  11  73  12  13  13  82  14  94  15  61  16  63  17  43  18  32  19  55 
  0  36   1  16   2  38   3  37   4  86   5  69   6  37   7  73   8  24   9  75  10  61  11  35  12   3  13  67  14  23  15  91  16  23  17  78  18  87  19  98 
  0  44   1  46   2  27   3  14   4  48   5  29   6  58   7  85   8  21   9   8  10  68  11  72  12  71  13  50  14  77  15   2  16   3  17  86  18  97  19  14 
  0  27   1  54   2  86   3  38   4  46   5  71   6  31   7  90   8  43   9  71  10  89  11  70  12  76  13  95  14  95  15  23  16  23  17  47  18  29  19  39 
  0  30   1  20   2  35   3  73   4  25   5  56   6  98   7  34   8  69   9  81  10  38  11  86  12  70  13  62  14  20  15  20  16  19  17  63  18  14  19  69 
  0  80   1   6   2  10   3  56   4  96   5  90   6   8   7  61   8  34   9  57  10  66  11  18  12   8  13  71  14  91  15  80  16  25  17  22  18  25  19  86 
  0  54   1   2   2   4   3  44   4  33   5  57   6  23   7  40   8  80   9  42  10  19  11  89  12  62  13  84  14  92  15  14  16   9  17  42  18  51  19  32 
  0  58   1  36   2   9   3  89   4  11   5  13   6  45   7  98   8  53   9  54  10   4  11  75  12   6  13  39  14  68  15   9  16  64  17  36  18  34  19  68 
  0  41   1  51   2  23   3  72   4  79   5  93   6  30   7  93   8  15   9  27  10  45  11  46  12  95  13   9  14  38  15  96  16  18  17  63  18  57  19  26 
  0  92   1  56   2  32   3   3   4  73   5  64   6  15   7  98   8  84   9  88  10   9  11  74  12  47  13  87  14  76  15  82  16  85  17  31  18  72  19  53 
  0  21   1  52   2  44   3  35   4  54   5  40   6  14   7  82   8  24   9  96  10  26  11  40  12  68  13  61  14  15  15  87  16  86  17  77  18  32  19  78 
  0  39   1  91   2  60   3  64   4  12   5  63   6  65   7  10   8  89   9  68  10  94  11  39  12  40  13   1  14  19  15  51  16  13  17  42  18  39  19  15 
  0  69   1  37   2  16   3   2   4  22   5  52   6  11   7  26   8  36   9  64  10  15  11  71  12  78  13  93  14  83  15  85  16  83  17  17  18  13  19  52 
  0  13   1   7   2  44   3  22   4  31   5  97   6  85   7  98   8   1   9  33  10  32  11  12  12  54  13  42  14  26  15  31  16  90  17  54  18  39  19  89 
  0  52   1  48   2  73   3  61   4  58   5  70   6  87   7  40   8  28   9  68  10  72  11  80  12  22  13  96  14  18  15  41  16  18  17  85  18  53  19  52 
  0  68   1  69   2  19   3  18   4  76   5  21   6  13   7  81   8  59   9  87  10   2  11  41  12   3  13  49  14  38  15  96  16  66  17  93  18  23  19  30 
  0  91   1  96   2   1   3  99   4   7   5  25   6  18   7  61   8  84   9  68  10   8  11  71  12  57  13  22  14  82  15  13  16  50  17  79  18  26  19  33 
  0  48   1  75   2  90   3  47   4  24   5  80   6  12   7  26   8  56   9  95  10  46  11  84  12  68  13  23  14  12  15  46  16  74  17  47  18  24  19  37 
  0  80   1   6   2  81   3  10   4  34   5  36   6   7   7  74   8  32   9  94  10  47  11   3  12  31  13  87  14  54  15  68  16   1  17  10  18  89  19  10 
  0  70   1  13   2  17   3  97   4  28   5  55   6  92   7   2   8  58   9  31  10  64  11  85  12  49  13  31  14  50  15  26  16  13  17  60  18   8  19  74 
  0   8   1   6   2  66   3  93   4   2   5  53   6  33   7   5   8   3   9  13  10   4  11  37  12  54  13   1  14  46  15  18  16  76  17  49  18   2  19  35 
  0  61   1  23   2  31   3  11   4  44   5  53   6  93   7  41   8  85   9  71  10  29  11  34  12  40  13  71  14  13  15  37  16  89  17  62  18  10  19  97 
  0  48   1  83   2  16   3  29   4  75   5  43   6  84   7  66   8  87   9  41  10  11  11   9  12  50  13  81  14  76  15  86  16  31  17   6  18  51  19  68 
  0   6   1  68   2  68   3  10   4  46   5  53   6  73   7  44   8  90   9  52  10  79  11  12  12  48  13  12  14  60  15  35  16  74  17  51  18  66  19  89 
  0  40   1   4   2  37   3  32   4  59   5  72   6  63   7   5   8   7   9  74  10  88  11  24  12   8  13  58  14  42  15  86  16  76  17  74  18  93  19   9 
  0  74   1   9   2  91   3  17   4  24   5  30   6  95   7  71   8  73   9  53  10  42  11  78  12  21  13  27  14  33  15  42  16  77  17  19  18  81  19  84 
  0  26   1  80   2  80   3  15   4  22   5  14   6  90   7  87   8  14   9  75  10  43  11   8  12  39  13  33  14  51  15  45  16   9  17  91  18  52  19  35 
  0  96   1  40   2  69   3  56   4   1   5  74   6  62   7  55   8  55   9  61  10  73  11  90  12   7  13  99  14  21  15  20  16  63  17  28  18  89  19  14 
  0  53   1   8   2  17   3  33   4  32   5  82   6  61   7  56   8   9   9  71  10  81  11  47  12  37  13  48  14  80  15  99  16  31  17  33  18  61  19  95 
  0  60   1  96   2  35   3  56   4  97   5  16   6  75   7  85   8  85   9  36  10  30  11  73  12  18  13  20  14  98  15  23  16  30  17  70  18  66  19  30 
  0  27   1  38   2  49   3  56   4  88   5  43   6  22   7  38   8  50   9  60  10  25  11  74  12  52  13  58  14  31  15  66  16  14  17  78  18  88  19   5 
  0  57   1   6   2  93   3  88   4  11   5  88   6  41   7  18   8  14   9  24  10  60  11  42  12  43  13  36  14  66  15  71  16  18  17   4  18   3  19  21 
  0  39   1  14   2   7   3   7   4  58   5   6   6  25   7  80   8  27   9  46  10  96  11  44  12  33  13  63  14  56  15  31  16  56  17  55  18  24  19  36 
  0  33   1  28   2  94   3  70   4  42   5  36   6  65   7  82   8  30   9  96  10  54  11  22  12  92  13  98  14  39  15  59  16  65  17  55  18  16  19  90 
  0  78   1  54   2  18   3  86   4  49   5  28   6  87   7  24   8  10   9  92  10  20  11  97  12  94  13  67  14   6  15  18  16  91  17  70  18  22  19  36 


