LB         BEST-KNOWN
11100      11253      
10991      11219      
11612      11678      
11344      11601      
11283      11455      
11186      11424      
11525      11666      
11777      11818      
11587      11738      
11057      11329      
11536      11593      
11063      11402      
11091      11317      
11446      11627      
11060      11453      
10853      11321      
11412      11649      
11210      11431      
11305      11479      
11230      11425      
11479      11609      
11402      11534      
11048      11373      
11441      11548      
11210      11399      
11411      11596      
11299      11413      
10790      11101      
11621      11640      
11329      11526      
11286      11427      
11496      11726      
11240      11451      
11176      11357      
11000      11229      
11347      11456      
11101      11264      
11690      11775      
11503      11550      
11236      11398      
10901      11318      
11797      11836      
11182      11337      
11491      11532      
10951      11263      
11489      11730      
11352      11483      
11513      11632      
11259      11530      
11320      11504      
11297      11527      
11227      11441      
11532      11571      
11147      11380      
11315      11502      
11121      11322      
11398      11528      
11630      11839      
11006      11231      
11334      11514      
11111      11299      
11300      11499      
11206      11415      
10998      11335      
11815      11896      
11173      11366      
11052      11209      
11187      11314      
11528      11597      
11534      11609      
11114      11388      
11317      11439      
11400      11556      
11299      11483      
10936      11141      
11273      11335      
11271      11476      
11586      11713      
11019      11440      
11389      11476      
10947      11300      
11361      11450      
11251      11512      
11330      11378      
11205      11350      
11349      11605      
10979      11289      
11545      11592      
11431      11585      
11396      11522      
11542      11760      
11218      11392      
11269      11422      
11164      11319      
11086      11333      
11263      11406      
11098      11383      
10967      11374      
11387      11635      
11408      11589      
